gameId,year,week,homeId,homeTeam,homeAbbr,awayId,awayTeam,awayAbbr,driveIndex,playIndex,offenseId,offenseTeam,offenseAbbr,defenseId,defenseTeam,defenseAbbr,homeScore,awayScore,quarter,clock,type,down,distance,yardLine,yardsGained,description,Touchdown,ExPointResult,Safety,FieldGoalResult,FieldGoalDistance
232352306,2003,1,2306,Kansas State,KSU,25,Cal,CAL,0,0,25,Cal,CAL,2306,Kansas State,KSU,0,0,1,14:52,No Play,1,10,81,-5,5 yard penalty on Golden Bears.,0,nan,0,nan,
232352306,2003,1,2306,Kansas State,KSU,25,Cal,CAL,0,1,25,Cal,CAL,2306,Kansas State,KSU,0,0,1,14:52,Pass,1,15,86,0,Reggie Robertson (CAL) pass incomplete to the right side.,0,nan,0,nan,
232352306,2003,1,2306,Kansas State,KSU,25,Cal,CAL,0,2,25,Cal,CAL,2306,Kansas State,KSU,0,0,1,14:52,Rush,2,15,86,0,Adimchinobe Echemandu (CAL) rushed up the middle for no gain.,0,nan,0,nan,
232352306,2003,1,2306,Kansas State,KSU,25,Cal,CAL,0,3,25,Cal,CAL,2306,Kansas State,KSU,0,0,1,14:52,Pass,3,15,86,0,Reggie Robertson (CAL) pass incomplete to the left side.,0,nan,0,nan,
232352306,2003,1,2306,Kansas State,KSU,25,Cal,CAL,0,4,25,Cal,CAL,2306,Kansas State,KSU,0,0,1,14:52,Punt,4,15,86,3,Punt by Lucas Everett (CAL) returned 3 yards by Darren Sproles (KSU) to the Wildcats 41.,0,nan,0,nan,
232352306,2003,1,2306,Kansas State,KSU,25,Cal,CAL,1,0,2306,Kansas State,KSU,25,Cal,CAL,0,0,1,13:49,Rush,1,10,59,53,Darren Sproles (KSU) rushed up the middle for 53 yards.,0,nan,0,nan,
232352306,2003,1,2306,Kansas State,KSU,25,Cal,CAL,1,1,2306,Kansas State,KSU,25,Cal,CAL,0,0,1,13:49,Rush,1,6,6,2,Darren Sproles (KSU) rushed up the middle for 2 yards.,0,nan,0,nan,
232352306,2003,1,2306,Kansas State,KSU,25,Cal,CAL,1,2,2306,Kansas State,KSU,25,Cal,CAL,0,0,1,13:49,Pass,2,5,5,0,Ell Roberson (KSU) pass incomplete to the left side.,0,nan,0,nan,
232352306,2003,1,2306,Kansas State,KSU,25,Cal,CAL,1,3,2306,Kansas State,KSU,25,Cal,CAL,6,0,1,12:52,Rush,3,5,5,5,Darren Sproles (KSU) rushed left side for a 5 yard touchdown.,0,nan,0,nan,
232352306,2003,1,2306,Kansas State,KSU,25,Cal,CAL,1,4,2306,Kansas State,KSU,25,Cal,CAL,7,0,1,12:52,,0,0,100,0,Extra point by Joe Rheem (KSU) is good.,0,nan,0,nan,
232352306,2003,1,2306,Kansas State,KSU,25,Cal,CAL,2,0,2306,Kansas State,KSU,25,Cal,CAL,7,0,1,12:45,Kickoff,0,0,100,23,Kickoff returned by James Bethea (CAL) for 23 yards.,0,nan,0,nan,
232352306,2003,1,2306,Kansas State,KSU,25,Cal,CAL,3,0,25,Cal,CAL,2306,Kansas State,KSU,7,0,1,12:39,Rush,1,10,77,1,Marcus O'Keith (CAL) rushed up the middle for 1 yard.,0,nan,0,nan,
232352306,2003,1,2306,Kansas State,KSU,25,Cal,CAL,3,1,25,Cal,CAL,2306,Kansas State,KSU,7,0,1,12:00,Pass,2,9,76,0,Reggie Robertson (CAL) pass incomplete to the right side.,0,nan,0,nan,
232352306,2003,1,2306,Kansas State,KSU,25,Cal,CAL,3,2,25,Cal,CAL,2306,Kansas State,KSU,7,0,1,12:00,Pass,3,9,76,16,Reggie Robertson (CAL) pass across the middle complete to Vincent Strang (CAL) for 16 yards.,0,nan,0,nan,
232352306,2003,1,2306,Kansas State,KSU,25,Cal,CAL,3,3,25,Cal,CAL,2306,Kansas State,KSU,7,0,1,11:30,Pass,1,10,60,7,Reggie Robertson (CAL) pass right side complete to Jonathan Makonnen (CAL) for 7 yards.,0,nan,0,nan,
232352306,2003,1,2306,Kansas State,KSU,25,Cal,CAL,3,4,25,Cal,CAL,2306,Kansas State,KSU,7,0,1,11:28,Rush,2,3,53,6,Vincent Strang (CAL) rushed left side for 6 yards.,0,nan,0,nan,
232352306,2003,1,2306,Kansas State,KSU,25,Cal,CAL,3,5,25,Cal,CAL,2306,Kansas State,KSU,7,0,1,11:22,Pass,1,10,47,13,Reggie Robertson (CAL) pass right side complete to Chris Manderino (CAL) for 13 yards.,0,nan,0,nan,
232352306,2003,1,2306,Kansas State,KSU,25,Cal,CAL,3,6,25,Cal,CAL,2306,Kansas State,KSU,7,0,1,10:47,Timeout,1,10,34,0,Golden Bears timeout; 10:47 remaining 1st quarter,0,nan,0,nan,
232352306,2003,1,2306,Kansas State,KSU,25,Cal,CAL,3,7,25,Cal,CAL,2306,Kansas State,KSU,7,6,1,10:47,Pass,1,10,34,34,Reggie Robertson (CAL) pass right side complete to Vincent Strang (CAL) for a 34 yard touchdown.,0,nan,0,nan,
232352306,2003,1,2306,Kansas State,KSU,25,Cal,CAL,3,8,25,Cal,CAL,2306,Kansas State,KSU,7,7,1,10:47,,0,0,0,0,Extra point by Lucas Everett (CAL) is good.,0,nan,0,nan,
232352306,2003,1,2306,Kansas State,KSU,25,Cal,CAL,4,0,25,Cal,CAL,2306,Kansas State,KSU,7,7,1,10:39,Kickoff,0,0,0,25,Kickoff returned by Danny Morris (KSU) for 25 yards.,0,nan,0,nan,
232352306,2003,1,2306,Kansas State,KSU,25,Cal,CAL,5,0,2306,Kansas State,KSU,25,Cal,CAL,7,7,1,10:32,Rush,1,10,75,0,Darren Sproles (KSU) rushed up the middle for no gain.,0,nan,0,nan,
232352306,2003,1,2306,Kansas State,KSU,25,Cal,CAL,5,1,2306,Kansas State,KSU,25,Cal,CAL,7,7,1,9:50,Pass,2,10,75,52,Ell Roberson (KSU) pass across the middle complete to James Terry (KSU) for 52 yards.,0,nan,0,nan,
232352306,2003,1,2306,Kansas State,KSU,25,Cal,CAL,5,2,2306,Kansas State,KSU,25,Cal,CAL,7,7,1,9:35,Rush,1,10,23,7,Darren Sproles (KSU) rushed right side for 7 yards.,0,nan,0,nan,
232352306,2003,1,2306,Kansas State,KSU,25,Cal,CAL,5,3,2306,Kansas State,KSU,25,Cal,CAL,7,7,1,8:55,Rush,2,3,16,11,Ell Roberson (KSU) rushed right side for 11 yards.,0,nan,0,nan,
232352306,2003,1,2306,Kansas State,KSU,25,Cal,CAL,5,4,2306,Kansas State,KSU,25,Cal,CAL,7,7,1,8:35,Rush,1,5,5,2,Ell Roberson (KSU) rushed left side for 2 yards.,0,nan,0,nan,
232352306,2003,1,2306,Kansas State,KSU,25,Cal,CAL,5,5,2306,Kansas State,KSU,25,Cal,CAL,7,7,1,7:45,Rush,2,3,3,-1,Travis Wilson (KSU) rushed up the middle for -1 yards.,0,nan,0,nan,
232352306,2003,1,2306,Kansas State,KSU,25,Cal,CAL,5,6,2306,Kansas State,KSU,25,Cal,CAL,7,7,1,7:20,Rush,3,4,4,0,Darren Sproles (KSU) rushed up the middle for no gain.,0,nan,0,nan,
232352306,2003,1,2306,Kansas State,KSU,25,Cal,CAL,5,7,2306,Kansas State,KSU,25,Cal,CAL,10,7,1,7:20,Field Goal,4,4,4,22,22 yard field goal by Joe Rheem (KSU) is good.,0,nan,0,Made,22.0
232352306,2003,1,2306,Kansas State,KSU,25,Cal,CAL,6,0,2306,Kansas State,KSU,25,Cal,CAL,10,7,1,6:29,Kickoff,1,0,97,17,Kickoff returned by Daymeion Hughes (CAL) for 17 yards.,0,nan,0,nan,
232352306,2003,1,2306,Kansas State,KSU,25,Cal,CAL,7,0,25,Cal,CAL,2306,Kansas State,KSU,10,7,1,6:23,Pass,1,10,80,11,Reggie Robertson (CAL) pass left side complete to Geoff McArthur (CAL) for 11 yards.,0,nan,0,nan,
232352306,2003,1,2306,Kansas State,KSU,25,Cal,CAL,7,1,25,Cal,CAL,2306,Kansas State,KSU,10,7,1,6:00,Pass,1,10,69,7,Reggie Robertson (CAL) pass left side complete to Geoff McArthur (CAL) for 7 yards.,0,nan,0,nan,
232352306,2003,1,2306,Kansas State,KSU,25,Cal,CAL,7,2,25,Cal,CAL,2306,Kansas State,KSU,10,7,1,5:40,Rush,2,3,62,6,Reggie Robertson (CAL) rushed right side for 6 yards.,0,nan,0,nan,
232352306,2003,1,2306,Kansas State,KSU,25,Cal,CAL,7,3,25,Cal,CAL,2306,Kansas State,KSU,10,7,1,5:15,Pass,1,10,56,0,Reggie Robertson (CAL) pass incomplete to the left side.,0,nan,0,nan,
232352306,2003,1,2306,Kansas State,KSU,25,Cal,CAL,7,4,25,Cal,CAL,2306,Kansas State,KSU,10,7,1,5:09,Sack,2,10,56,-6,Reggie Robertson (CAL) sacked for a loss of 6 yards.,0,nan,0,nan,
232352306,2003,1,2306,Kansas State,KSU,25,Cal,CAL,7,5,25,Cal,CAL,2306,Kansas State,KSU,10,7,1,4:40,Rush,3,16,62,6,Adimchinobe Echemandu (CAL) rushed up the middle for 6 yards.,0,nan,0,nan,
232352306,2003,1,2306,Kansas State,KSU,25,Cal,CAL,7,6,25,Cal,CAL,2306,Kansas State,KSU,10,7,1,4:40,No Play,4,10,56,15,15 yard penalty on Wildcats.,0,nan,0,nan,
232352306,2003,1,2306,Kansas State,KSU,25,Cal,CAL,7,7,25,Cal,CAL,2306,Kansas State,KSU,10,7,1,3:34,Rush,1,10,41,6,Adimchinobe Echemandu (CAL) rushed up the middle for 6 yards.,0,nan,0,nan,
232352306,2003,1,2306,Kansas State,KSU,25,Cal,CAL,7,8,25,Cal,CAL,2306,Kansas State,KSU,10,7,1,3:00,No Play,2,4,35,-5,5 yard penalty on Golden Bears.,0,nan,0,nan,
232352306,2003,1,2306,Kansas State,KSU,25,Cal,CAL,7,9,25,Cal,CAL,2306,Kansas State,KSU,10,7,1,2:46,Pass,2,9,40,8,Reggie Robertson (CAL) pass right side complete to Adimchinobe Echemandu (CAL) for 8 yards.,0,nan,0,nan,
232352306,2003,1,2306,Kansas State,KSU,25,Cal,CAL,7,10,25,Cal,CAL,2306,Kansas State,KSU,10,7,1,2:46,Rush,3,1,32,1,Michael Porter (CAL) rushed up the middle for 1 yard.,0,nan,0,nan,
